Coordinates of the surface topography (x,y) in meters
7
 -1.000000000000000     1.0000000000000000
 -1.000000000000000     2.0000000000000000
  1.000000000000000     2.0000000000000000
  1.000000000000000     1.0000000000000000
  0.600000000000000     0.5000000000000000
 -0.600000000000000     0.5000000000000000
 -1.000000000000000     1.0000000000000000


 -1.000000000000000     0.0000000000000000
 -0.600000000000000     1.0000000000000000
  0.600000000000000     1.0000000000000000
  1.000000000000000     0.0000000000000000
